00001000000000000000000000110100
00000011111000000000000000001000
10001110111001010000000000001100
10001110111001100000000000001000
10001110111101110000000000000100
00100000101001011111111111111111
00000000000001011011000000100000
00000000000001000010100000100000
00000000000101100010000000100000
10001110111101100000000000000000
00000010110000000000000000001000
10001110111001110000000000000100
10101111101001100000000000000000
00101000100100000000000000000001
00010010000000000000000000000010
00100000101001000000000000000001
00001000000000000000000000110001
00101000101100000000000000000001
00010010000000000000000000001100
00100000100001001111111111111111
00100000000001010000000000000001
00000000000001110011000000100000
10101111101111110000000000000100
00100011101111010000000000001000
10001110111101100000000000000000
00111100000111110000000000000000
00110111111111110000000000011100
00000010110000000000000000001000
00100011101111011111111111111000
10001111101111110000000000000100
00001000000000000000000000110001
00000011100000000100000000100000
00100011100111000000000000010000
00111100000010010000000000000000
00110101001010010000000000000010
10101101000010010000000000000000
10101101000001000000000000001100
10101101000001110000000000001000
10101101000101110000000000000100
00100000101001011111111111111111
00000000000010000011000000100000
10101111101111110000000000000100
00100011101111010000000000001000
10001110111101100000000000000000
00111100000111110000000000000000
00110111111111110000000000101111
00000010110000000000000000001000
00100011101111011111111111111000
10001111101111110000000000000100
10001111101101110000000000000000
10001110111101100000000000000000
00000010110000000000000000001000
00100011101111010001000000000000
00100011100111000010000000000000
00000011100000000011000000100000
00100011100111000000000000001000
00111100000001000000000000000000
00110100100001000000000000000001
10101100110001000000000000000000
00000011100000001011100000100000
00100011100111000000000000001000
00111100000001000000000000000000
00110100100001000000000000001011
10101110111001000000000000000000
10101110111001100000000000000100
00100000000001000000000000000011
00100000000001010000000000001010
10101111101111110000000000000100
00100011101111010000000000001000
10001110111101100000000000000000
00111100000111110000000000000000
00110111111111110000000001001001
00000010110000000000000000001000
00100011101111011111111111111000
10001111101111110000000000000100
10101111101111110000000000000100
00100011101111010000000000001000
00100011101111011111111111111000
10001111101111110000000000000100
11111111111111111111111111111111