00001000000000000000000000011000
00101000100100000000000000000010
00010010000000000000000000000001
00000011111000000000000000001000
00100000100001011111111111111111
10101111101001000000000000000000
00000000000001010010000000100000
10101111101111110000000000000100
00100011101111010000000000001000
00001100000000000000000000000001
00100011101111011111111111111000
10001111101111110000000000000100
10001111101001010000000000000000
00100000101001011111111111111110
10101111101001000000000000000100
00000000000001010010000000100000
10101111101111110000000000001100
00100011101111010000000000010000
00001100000000000000000000000001
00100011101111011111111111110000
10001111101111110000000000001100
10001111101001010000000000000100
00000000101001000010000000100000
00000011111000000000000000001000
00100011101111010001000000000000
00100000000001000000000000001010
10101111101111110000000000000100
00100011101111010000000000001000
00001100000000000000000000000001
00100011101111011111111111111000
10001111101111110000000000000100
10101111101111110000000000000100
00100011101111010000000000001000
00100011101111011111111111111000
10001111101111110000000000000100
11111111111111111111111111111111